#   1 NUMBER                 Running object number                                     
#   2 X_IMAGE                Object position along x                                    [pixel]
#   3 Y_IMAGE                Object position along y                                    [pixel]
#   4 ALPHA_SKY              Right ascension of barycenter (native)                     [deg]
#   5 DELTA_SKY              Declination of barycenter (native)                         [deg]
#   6 FLUX_ISO               Isophotal flux                                             [count]
#   7 FLUXERR_ISO            RMS error for isophotal flux                               [count]
#   8 MAG_ISO                Isophotal magnitude                                        [mag]
#   9 MAGERR_ISO             RMS error for isophotal magnitude                          [mag]
#  10 FLUX_RADIUS            Fraction-of-light radii                                    [pixel]
#  11 BACKGROUND             Background at centroid position                            [count]
#  12 THETA_IMAGE            Position angle (CCW/x)                                     [deg]
#  13 ELONGATION             A_IMAGE/B_IMAGE                                           
#  14 ISO0                   Isophotal area at level 0                                  [pixel**2]
#  15 A_IMAGE                Profile RMS along major axis                               [pixel]
#  16 FLAGS                  Extraction flags                                          
#  17 CLASS_STAR             S/G classifier output                                     
#  18 MAG_AUTO               Kron-like elliptical aperture magnitude                    [mag]
#  19 MAGERR_AUTO            RMS error for AUTO magnitude                               [mag]
         1    213.6398     11.4964 236.2364313  -0.4636205     1533.947      60.2963  16.8355   0.0427      3.103     155.8102  88.89    3.087       58     3.493  24  0.250  16.7048   0.0490
         2     39.8858    206.9599 236.2579267  -0.4827325     1963.811     68.13061  16.5672   0.0377      3.234     155.0764  47.88    1.240       71     2.316  16  0.152  16.2312   0.0472
         3     89.7603    205.7075 236.2577884  -0.4772453     647.6325     40.38173  17.7717   0.0677      1.723     154.5337 -64.00    1.064       21     1.349   0  0.901  17.5262   0.0898
         4     92.2001    193.2527 236.2564188  -0.4769772     587.5075      41.3056  17.8775   0.0764      2.714     154.5257   9.52    1.192       24     1.562   0  0.880  17.3095   0.1005
         5      6.5112    190.2261 236.2560871  -0.4864048      5906.25     93.37994  15.3717   0.0172      1.727      155.111 -42.64    1.058       71     1.811  16  0.982  15.3492   0.0181
         6    102.8013    180.6601 236.2550340  -0.4758111     1095.695     57.73201  17.2008   0.0572      5.269     154.5302  40.14    1.238       46     2.096   0  0.192  16.3685   0.0651
         7    133.1091    178.0251 236.2547439  -0.4724767     434.7262     34.35825  18.2045   0.0858      1.626     154.6226  -1.06    1.141       18     1.258   0  0.804  17.9707   0.1184
         8     38.5323    178.2096 236.2547653  -0.4828821     1125.975     54.37357  17.1712   0.0524      3.001     154.7538 -45.06    1.395       49     2.179   0  0.014  16.8360   0.0703
         9     71.1551    161.0063 236.2528732  -0.4792933      163.656     22.41962  19.2652   0.1488      2.781     154.5584   0.21    1.224        9     0.930   0  0.520  18.1490   0.1567
        10      1.7710    132.1741 236.2497037  -0.4869276      393.428     29.46192  18.3128   0.0813      1.404     154.5305  86.20    1.640       10     1.224  24  0.755  18.0876   0.1063
        11    156.2859    115.3288 236.2478494  -0.4699282     1156.059     51.12424  17.1425   0.0480      1.805     154.9338 -63.31    1.119       34     1.605   0  0.968  17.0057   0.0576
        12    108.1640    108.4432 236.2470929  -0.4752228      15624.3     171.7228  14.3155   0.0119      5.478     154.7183   2.97    2.393      363     6.513   0  0.028  14.1903   0.0137
        13    168.4746    102.3943 236.2464270  -0.4685875     289.8172     28.84771  18.6447   0.1081      1.779      155.003 -31.74    1.613       15     1.351   0  0.517  18.3905   0.1483
        14     46.1620    101.0014 236.2462753  -0.4820444     216.2918     24.96141  18.9624   0.1253      1.995     154.5826 -87.13    1.155       12     1.000   0  0.699  18.2668   0.1764
        15     39.4044     94.9442 236.2456094  -0.4827880     350.0218     36.04408  18.4398   0.1118      4.450     154.5779  -7.52    1.420       24     1.730   0  0.023  17.1881   0.1098
        16     30.9833     78.1895 236.2437671  -0.4837149     3290.135     74.11833  16.0070   0.0245      1.633      154.631 -41.31    1.072       50     1.708   0  0.980  15.9557   0.0263
        17     82.6695     31.9135 236.2386779  -0.4780294     131.2399     20.88839  19.5048   0.1728      1.604      154.815 -21.60    1.352        9     0.933   0  0.507  18.8901   0.1810
